1773328305311 0.71425461769104 1
1773328305821 0.4772465229034424 2
1773328306461 0.3859465718269348 3
1773328307060 0.3381235897541046 4
1773328307589 0.32863059639930725 5
1773328308206 0.31476926803588867 6
1773328308843 0.2989162504673004 7
1773328309369 0.29082345962524414 8
1773328309920 0.28102976083755493 9
1773328310564 0.26541727781295776 10
1773328311102 0.2555803656578064 11
1773328311515 0.24704420566558838 12
1773328312017 0.24138511717319489 13
1773328312608 0.23750005662441254 14
1773328313135 0.23136156797409058 15
1773328313647 0.2232920229434967 16
1773328314163 0.21588793396949768 17
1773328314763 0.2069869339466095 18
1773328315414 0.20355640351772308 19
1773328316028 0.2031693160533905 20
1773328316679 0.19751831889152527 21
1773328317281 0.19329532980918884 22
1773328317926 0.18907245993614197 23
1773328318467 0.17992062866687775 24
1773328319025 0.1799365133047104 25
1773328319710 0.18163445591926575 26
1773328320270 0.1739450991153717 27
1773328320830 0.17338153719902039 28
1773328321415 0.16743211448192596 29
1773328322011 0.16665984690189362 30
1773328322615 0.16022655367851257 31
1773328323162 0.1607189029455185 32
1773328323757 0.1590712070465088 33
1773328324361 0.15519298613071442 34
1773328326361 0.15630541741847992 35
1773328326977 0.1480696052312851 36
1773328327572 0.14874272048473358 37
1773328328135 0.14956964552402496 38
1773328328727 0.14373460412025452 39
1773328329425 0.1429179161787033 40
1773328329981 0.1399357169866562 41
1773328330587 0.1402677446603775 42
1773328331175 0.13504374027252197 43
1773328331723 0.13495677709579468 44
1773328332258 0.13399280607700348 45
1773328332847 0.13357490301132202 46
1773328333350 0.1322469264268875 47
1773328333809 0.12713803350925446 48
1773328334309 0.12858405709266663 49
1773328334786 0.12585701048374176 50
1773328335323 0.12349385023117065 51
1773328335846 0.12408250570297241 52
1773328336390 0.12361658364534378 53
1773328336904 0.12154830247163773 54
1773328337437 0.11964607983827591 55
1773328338020 0.11775229871273041 56
1773328338626 0.11810030043125153 57
1773328339254 0.11710286885499954 58
1773328339878 0.11512349545955658 59
1773328340497 0.11641131341457367 60
1773328341216 0.1131696030497551 61
1773328341829 0.11516659706830978 62
1773328342356 0.11263716965913773 63
1773328342947 0.11061422526836395 64
1773328343497 0.10712851583957672 65
1773328344064 0.11113516986370087 66
1773328344648 0.1091461107134819 67
1773328345300 0.10640128701925278 68
1773328345918 0.10582485049962997 69
1773328346493 0.10509779304265976 70
1773328347069 0.10284392535686493 71
1773328347645 0.10034298896789551 72
1773328348155 0.10094410181045532 73
1773328348704 0.10284939408302307 74
1773328349392 0.10097195208072662 75
1773328349981 0.10283807665109634 76
1773328350574 0.09731625020503998 77
1773328351067 0.0988093838095665 78
1773328351662 0.10026438534259796 79
1773328352256 0.09671583026647568 80
1773328352750 0.0954301655292511 81
1773328353311 0.09795941412448883 82
1773328353861 0.09316680580377579 83
1773328354549 0.09751994162797928 84
1773328355207 0.0952313095331192 85
1773328355717 0.0934576615691185 86
1773328356302 0.09402988851070404 87
1773328356854 0.09088384360074997 88
1773328357460 0.08980873227119446 89
1773328358094 0.09226957708597183 90
1773328360120 0.08933894336223602 91
1773328360735 0.09285923838615417 92
1773328361373 0.08906157314777374 93
1773328362012 0.09319630265235901 94
1773328362601 0.08736376464366913 95
1773328363171 0.08937139064073563 96
1773328363864 0.08586367964744568 97
1773328364378 0.0905783399939537 98
1773328364865 0.08661024272441864 99
1773328365464 0.08743730187416077 100
