1774548737688 0.8774443864822388 1
1774548738162 0.4816739559173584 2
1774548738750 0.39850443601608276 3
1774548739268 0.36171627044677734 4
1774548739916 0.342550665140152 5
1774548740556 0.32261374592781067 6
1774548741063 0.31561416387557983 7
1774548741706 0.30422505736351013 8
1774548742306 0.2964785397052765 9
1774548742855 0.284863144159317 10
1774548743356 0.2659838795661926 11
1774548743930 0.28207018971443176 12
1774548744464 0.2649214267730713 13
1774548744944 0.26554712653160095 14
1774548745621 0.24519671499729156 15
1774548746197 0.23633064329624176 16
1774548746798 0.23037128150463104 17
1774548747335 0.22342133522033691 18
1774548748005 0.22051550447940826 19
1774548748541 0.21639107167720795 20
1774548749078 0.21116594970226288 21
1774548749731 0.20461495220661163 22
1774548750221 0.20496666431427002 23
1774548750800 0.19934876263141632 24
1774548751350 0.19067509472370148 25
1774548752038 0.1867670863866806 26
1774548752559 0.18370194733142853 27
1774548753087 0.18037796020507812 28
1774548753774 0.1791311502456665 29
1774548754269 0.17837369441986084 30
1774548754825 0.17028452455997467 31
1774548755379 0.17106398940086365 32
1774548755996 0.16780641674995422 33
1774548756533 0.1621498465538025 34
1774548757114 0.16280387341976166 35
1774548757570 0.15864811837673187 36
1774548758100 0.1585257351398468 37
1774548758699 0.1529947966337204 38
1774548759208 0.15313272178173065 39
1774548759806 0.1471615433692932 40
1774548760332 0.15024273097515106 41
1774548760966 0.15074479579925537 42
1774548761586 0.1474739909172058 43
1774548762114 0.14490437507629395 44
1774548762714 0.14147010445594788 45
1774548763139 0.13975554704666138 46
1774548763732 0.14059406518936157 47
1774548764279 0.1400872766971588 48
1774548764910 0.1366429626941681 49
1774548765491 0.13405999541282654 50
1774548766104 0.1282859742641449 51
1774548769755 0.1302746683359146 52
1774548770252 0.13326533138751984 53
1774548770837 0.13063755631446838 54
1774548771380 0.12898840010166168 55
1774548771948 0.13100561499595642 56
1774548772492 0.1225542277097702 57
1774548773141 0.12517514824867249 58
1774548773638 0.12279965728521347 59
1774548774303 0.1256769746541977 60
1774548774879 0.12407532334327698 61
1774548775419 0.11949283629655838 62
1774548776109 0.12014682590961456 63
1774548776692 0.12327611446380615 64
1774548777491 0.11818622052669525 65
1774548778131 0.11817526072263718 66
1774548778656 0.11878488212823868 67
1774548779270 0.1118507832288742 68
1774548779735 0.11442083865404129 69
1774548780314 0.11486387252807617 70
1774548780832 0.11453230679035187 71
1774548781357 0.1080971211194992 72
1774548781975 0.11239694803953171 73
1774548782453 0.11506132036447525 74
1774548783110 0.10746537148952484 75
1774548783617 0.10784763097763062 76
1774548784219 0.10839349031448364 77
1774548784725 0.10787352919578552 78
1774548785326 0.10646781325340271 79
1774548785816 0.10455393046140671 80
1774548786313 0.10627786815166473 81
1774548786870 0.1057080551981926 82
1774548787355 0.1019146516919136 83
1774548787955 0.10451065748929977 84
1774548788471 0.10223071277141571 85
1774548789030 0.10094089806079865 86
1774548789552 0.09988127648830414 87
1774548790160 0.10422728955745697 88
1774548790708 0.10126058012247086 89
1774548791231 0.1009899452328682 90
1774548791720 0.09707185626029968 91
1774548792261 0.0990474596619606 92
1774548792832 0.09563152492046356 93
1774548793374 0.09818417578935623 94
1774548793967 0.09817539900541306 95
1774548794498 0.09722444415092468 96
1774548795138 0.09579344093799591 97
1774548795599 0.09569674730300903 98
1774548796142 0.09407192468643188 99
1774548796702 0.09497855603694916 100
