1774550669908 0.9532467126846313 1
1774550670665 1.2723488807678223 2
1774550671430 1.0456162691116333 3
1774550675109 0.9170377850532532 4
1774550676012 0.751515805721283 5
1774550676882 0.6988359093666077 6
1774550677610 0.7092691659927368 7
1774550678358 0.6656147241592407 8
1774550679525 0.5767626166343689 9
1774550680480 0.5603049397468567 10
1774550681412 0.5801275372505188 11
1774550682400 0.6000135540962219 12
1774550683447 0.5609559416770935 13
1774550684322 0.5230637788772583 14
1774550685340 0.5158829092979431 15
1774550686305 0.5150157809257507 16
1774550687269 0.5048550367355347 17
1774550688201 0.5069655179977417 18
1774550688819 0.4941255748271942 19
1774550689751 0.4893691837787628 20
1774550690678 0.48417335748672485 21
1774550691539 0.48392820358276367 22
1774550692483 0.48455381393432617 23
1774550693344 0.47503387928009033 24
1774550694022 0.47598451375961304 25
1774550694876 0.4715169668197632 26
1774550695688 0.468379944562912 27
1774550696732 0.4658651053905487 28
1774550697537 0.4612804353237152 29
1774550698402 0.4526549279689789 30
1774550699172 0.4593983590602875 31
1774550699999 0.45378589630126953 32
1774550700742 0.4527019262313843 33
1774550701548 0.44886350631713867 34
1774550702339 0.4449078440666199 35
1774550703039 0.44469738006591797 36
1774550703871 0.4364340901374817 37
1774550704704 0.4385760426521301 38
1774550705641 0.42964670062065125 39
1774550706534 0.44345375895500183 40
1774550710165 0.42705222964286804 41
1774550710989 0.43117213249206543 42
1774550711761 0.4286366105079651 43
1774550712642 0.42106303572654724 44
1774550713534 0.42549771070480347 45
1774550714431 0.42209482192993164 46
1774550715266 0.419391930103302 47
1774550716069 0.42005646228790283 48
1774550717092 0.4202522337436676 49
1774550717912 0.41511836647987366 50
1774550718811 0.41530075669288635 51
1774550719812 0.4189220070838928 52
1774550720774 0.4126291573047638 53
1774550721652 0.4044354259967804 54
1774550722770 0.410287082195282 55
1774550723743 0.4097862243652344 56
1774550724638 0.40887895226478577 57
1774550725698 0.4152262806892395 58
1774550726626 0.40013447403907776 59
1774550727352 0.40185362100601196 60
1774550728222 0.392335444688797 61
1774550729143 0.4053749144077301 62
1774550730051 0.3998607099056244 63
1774550730961 0.398813933134079 64
1774550731896 0.3962525427341461 65
1774550732845 0.39008960127830505 66
1774550733859 0.3926067352294922 67
1774550734621 0.3934789299964905 68
1774550735612 0.4000930190086365 69
1774550736703 0.3945837616920471 70
1774550737659 0.3846651017665863 71
1774550738644 0.38755106925964355 72
1774550739719 0.3856280744075775 73
1774550740647 0.3926498293876648 74
1774550744884 0.3857700228691101 75
1774550745981 0.38477545976638794 76
1774550747006 0.38361218571662903 77
1774550748074 0.38365381956100464 78
1774550749345 0.38476139307022095 79
1774550750726 0.3843332827091217 80
1774550751749 0.38218656182289124 81
1774550752948 0.3917887210845947 82
1774550753886 0.3835884630680084 83
1774550754885 0.3877965211868286 84
1774550756002 0.3852427303791046 85
1774550756909 0.384624719619751 86
1774550757591 0.39496785402297974 87
1774550758441 0.38491007685661316 88
1774550759335 0.3815634548664093 89
1774550760207 0.3910220265388489 90
1774550761000 0.38352176547050476 91
1774550761912 0.3765483498573303 92
1774550762685 0.380323588848114 93
1774550763571 0.38024622201919556 94
1774550764461 0.38628190755844116 95
1774550765321 0.3896154761314392 96
1774550766143 0.37531429529190063 97
1774550766917 0.3792032301425934 98
1774550767767 0.38012805581092834 99
1774550768652 0.3781450390815735 100
