1772045510986 0.6999520063400269 1
1772045511322 0.44873183965682983 2
1772045511644 0.3645326793193817 3
1772045511995 0.3379668891429901 4
1772045512364 0.3253779113292694 5
1772045512689 0.31184545159339905 6
1772045513025 0.2958325445652008 7
1772045513341 0.2851397395133972 8
1772045513648 0.27886709570884705 9
1772045513977 0.26772063970565796 10
1772045514307 0.26113787293434143 11
1772045514651 0.2512747347354889 12
1772045514955 0.24723157286643982 13
1772045515270 0.23345039784908295 14
1772045515612 0.22314736247062683 15
1772045515921 0.2262534201145172 16
1772045516230 0.21286503970623016 17
1772045516561 0.2109106481075287 18
1772045516911 0.20980067551136017 19
1772045517243 0.2009255290031433 20
1772045517581 0.20032107830047607 21
1772045517920 0.19433097541332245 22
1772045518242 0.18955157697200775 23
1772045518577 0.18651145696640015 24
1772045518910 0.18042422831058502 25
1772045519251 0.1780092567205429 26
1772045519579 0.1743782013654709 27
1772045519893 0.17058531939983368 28
1772045520204 0.16998085379600525 29
1772045520531 0.1663694977760315 30
1772045520855 0.16220059990882874 31
1772045521181 0.1565612256526947 32
1772045521542 0.1541118174791336 33
1772045521903 0.1563345193862915 34
1772045522230 0.15187527239322662 35
1772045522557 0.1487032175064087 36
1772045522923 0.1485784649848938 37
1772045523248 0.14551374316215515 38
1772045523559 0.14419840276241302 39
1772045523866 0.14581166207790375 40
1772045524191 0.1437181681394577 41
1772045524508 0.1372918337583542 42
1772045524820 0.13666599988937378 43
1772045525169 0.13478493690490723 44
1772045525483 0.13642306625843048 45
1772045525809 0.12786729633808136 46
1772045526132 0.13320474326610565 47
1772045526452 0.12933675944805145 48
1772045526785 0.1271992325782776 49
1772045527108 0.1245366781949997 50
1772045527434 0.12273258715867996 51
1772045527777 0.12402515858411789 52
1772045528112 0.12472585588693619 53
1772045528421 0.11968551576137543 54
1772045528739 0.11660899966955185 55
1772045529086 0.12061600387096405 56
1772045529416 0.11471541970968246 57
1772045529753 0.11732018738985062 58
1772045530098 0.11313572525978088 59
1772045530438 0.11109679192304611 60
1772045530773 0.11192786693572998 61
1772045531093 0.10780373960733414 62
1772045531492 0.10932040959596634 63
1772045531857 0.1103769838809967 64
1772045532174 0.10856059938669205 65
1772045532515 0.10664941370487213 66
1772045532834 0.10767059028148651 67
1772045533156 0.10246337205171585 68
1772045533483 0.10059989988803864 69
1772045533802 0.10165657848119736 70
1772045534118 0.10578717291355133 71
1772045534439 0.10236448049545288 72
1772045534788 0.10382973402738571 73
1772045535086 0.09855611622333527 74
1772045535400 0.0979551300406456 75
1772045535728 0.09984036535024643 76
1772045536038 0.09817264974117279 77
1772045536349 0.09706220775842667 78
1772045536707 0.09388454258441925 79
1772045537032 0.09457660466432571 80
1772045537351 0.09556891024112701 81
1772045537688 0.09156352281570435 82
1772045538001 0.09246817231178284 83
1772045538318 0.09145903587341309 84
1772045538656 0.09188637137413025 85
1772045538993 0.09242188930511475 86
1772045539311 0.08936949074268341 87
1772045539634 0.08850105106830597 88
1772045539959 0.0893821194767952 89
1772045540288 0.08924160152673721 90
1772045540626 0.08844312280416489 91
1772045540972 0.08753757178783417 92
1772045542864 0.08808179944753647 93
1772045543204 0.08492997288703918 94
1772045543548 0.0860511064529419 95
1772045543883 0.08276603370904922 96
1772045544214 0.08291483670473099 97
1772045544539 0.08362574875354767 98
1772045544888 0.08425386250019073 99
1772045545238 0.08331785351037979 100
