1773327850482 0.8900434970855713 1
1773327851041 0.4812041223049164 2
1773327851619 0.38911494612693787 3
1773327852258 0.3559874892234802 4
1773327852807 0.3333735466003418 5
1773327853484 0.3247954249382019 6
1773327855446 0.3128492832183838 7
1773327855894 0.30302029848098755 8
1773327856427 0.30077531933784485 9
1773327856970 0.2921748757362366 10
1773327857412 0.2833085358142853 11
1773327857943 0.26952919363975525 12
1773327858427 0.2543798089027405 13
1773327858943 0.2468802034854889 14
1773327859422 0.25154590606689453 15
1773327859958 0.2396254688501358 16
1773327860437 0.22938448190689087 17
1773327860962 0.2282557338476181 18
1773327861484 0.2273339331150055 19
1773327861986 0.213067427277565 20
1773327862469 0.21139851212501526 21
1773327862942 0.2047717571258545 22
1773327863479 0.2030378133058548 23
1773327864061 0.19969193637371063 24
1773327864607 0.19669419527053833 25
1773327865123 0.18904416263103485 26
1773327865672 0.18749172985553741 27
1773327866191 0.18431872129440308 28
1773327866770 0.17622976005077362 29
1773327867396 0.176369771361351 30
1773327867955 0.1769038736820221 31
1773327868433 0.1701609343290329 32
1773327868910 0.17091579735279083 33
1773327869486 0.17199383676052094 34
1773327870059 0.16465742886066437 35
1773327870609 0.16539347171783447 36
1773327871057 0.1606469601392746 37
1773327871610 0.1594267636537552 38
1773327872211 0.15530915558338165 39
1773327872814 0.15415272116661072 40
1773327873388 0.14988519251346588 41
1773327873949 0.1505235731601715 42
1773327874488 0.1443992257118225 43
1773327875005 0.1496134251356125 44
1773327875576 0.14828650653362274 45
1773327876164 0.14801308512687683 46
1773327876720 0.14194545149803162 47
1773327877368 0.14041808247566223 48
1773327877990 0.137164905667305 49
1773327878595 0.1402844935655594 50
1773327879072 0.1351858377456665 51
1773327879644 0.1358812302350998 52
1773327880157 0.13625432550907135 53
1773327880835 0.13279934227466583 54
1773327881326 0.13175059854984283 55
1773327881935 0.12694230675697327 56
1773327882529 0.12731947004795074 57
1773327883205 0.1285068243741989 58
1773327883806 0.1290625035762787 59
1773327884351 0.12295239418745041 60
1773327884888 0.12194506824016571 61
1773327885476 0.12655888497829437 62
1773327885952 0.12148553878068924 63
1773327886564 0.12236093729734421 64
1773327887150 0.11904417723417282 65
1773327889119 0.1180499792098999 66
1773327889645 0.11768496781587601 67
1773327890212 0.11675678938627243 68
1773327890808 0.11765392869710922 69
1773327891385 0.11779841780662537 70
1773327891959 0.11688833683729172 71
1773327892551 0.11376427859067917 72
1773327893026 0.1155114695429802 73
1773327893508 0.11181452125310898 74
1773327894016 0.11031752824783325 75
1773327894513 0.10966046154499054 76
1773327895018 0.10721707344055176 77
1773327895511 0.1083066537976265 78
1773327896018 0.1107422262430191 79
1773327896525 0.10901276767253876 80
1773327897013 0.10740678012371063 81
1773327897539 0.10582255572080612 82
1773327898025 0.1068449318408966 83
1773327898565 0.10612621158361435 84
1773327899109 0.10279865562915802 85
1773327899655 0.10611234605312347 86
1773327900201 0.10295398533344269 87
1773327900769 0.09946039319038391 88
1773327901289 0.1017896980047226 89
1773327901825 0.10080962628126144 90
1773327902355 0.10138063877820969 91
1773327902964 0.09911008179187775 92
1773327903555 0.10073122382164001 93
1773327904021 0.10231497883796692 94
1773327904532 0.09816411137580872 95
1773327905069 0.09877660125494003 96
1773327905626 0.09780983626842499 97
1773327906132 0.0982273519039154 98
1773327906672 0.09696482121944427 99
1773327907192 0.0955483615398407 100
