1774547089432 1.0224435329437256 1
1774547090047 0.48100733757019043 2
1774547090548 0.398139625787735 3
1774547091234 0.3598611354827881 4
1774547091913 0.336112916469574 5
1774547092401 0.3158699572086334 6
1774547093062 0.32159146666526794 7
1774547093599 0.30503958463668823 8
1774547094310 0.2997397482395172 9
1774547094898 0.2973288595676422 10
1774547095577 0.28869640827178955 11
1774547096268 0.27139461040496826 12
1774547096861 0.2663329243659973 13
1774547097491 0.2618842124938965 14
1774547098082 0.24916046857833862 15
1774547098750 0.2446351945400238 16
1774547099533 0.23672188818454742 17
1774547100167 0.23346643149852753 18
1774547100756 0.22648245096206665 19
1774547101493 0.21910975873470306 20
1774547102061 0.2169468104839325 21
1774547102831 0.21016156673431396 22
1774547103554 0.21120893955230713 23
1774547104223 0.20515671372413635 24
1774547104827 0.20008854568004608 25
1774547105360 0.19519907236099243 26
1774547106110 0.18758930265903473 27
1774547106782 0.18981340527534485 28
1774547107318 0.18557213246822357 29
1774547108005 0.18061678111553192 30
1774547108687 0.17462432384490967 31
1774547109276 0.1782146394252777 32
1774547109876 0.17425750195980072 33
1774547110468 0.17017412185668945 34
1774547111160 0.16384685039520264 35
1774547111872 0.16523541510105133 36
1774547115220 0.1625005304813385 37
1774547115872 0.15898284316062927 38
1774547116425 0.15816734731197357 39
1774547117030 0.15693672001361847 40
1774547117740 0.15508490800857544 41
1774547118264 0.15000271797180176 42
1774547118896 0.15140624344348907 43
1774547119427 0.14484144747257233 44
1774547120100 0.14717616140842438 45
1774547120663 0.14416897296905518 46
1774547121360 0.14105094969272614 47
1774547121890 0.1382339596748352 48
1774547122474 0.14153893291950226 49
1774547122838 0.1370680034160614 50
1774547123375 0.13690517842769623 51
1774547124063 0.1370718777179718 52
1774547124470 0.13567209243774414 53
1774547125112 0.13202576339244843 54
1774547125732 0.13008539378643036 55
1774547126380 0.12953801453113556 56
1774547127021 0.1299978792667389 57
1774547127665 0.1254214346408844 58
1774547128349 0.12807299196720123 59
1774547128905 0.12599903345108032 60
1774547129550 0.1252187192440033 61
1774547130174 0.12265101075172424 62
1774547130766 0.12106313556432724 63
1774547131409 0.12086008489131927 64
1774547132001 0.11985307931900024 65
1774547132703 0.11725952476263046 66
1774547133049 0.1191638633608818 67
1774547133719 0.11668101698160172 68
1774547134370 0.11361618340015411 69
1774547135001 0.11663317680358887 70
1774547135422 0.11589141190052032 71
1774547135969 0.11202264577150345 72
1774547136281 0.1103457435965538 73
1774547136851 0.10890138149261475 74
1774547137193 0.11082001030445099 75
1774547137865 0.10859891027212143 76
1774547138578 0.10593751817941666 77
1774547139240 0.10511601716279984 78
1774547140203 0.10939619690179825 79
1774547140938 0.10582049190998077 80
1774547141524 0.10597950220108032 81
1774547142255 0.10597163438796997 82
1774547142556 0.10687780380249023 83
1774547143173 0.10362415760755539 84
1774547144025 0.10314732789993286 85
1774547144500 0.10152657330036163 86
1774547145049 0.10316326469182968 87
1774547145639 0.1021401509642601 88
1774547146151 0.09909960627555847 89
1774547146613 0.09962840378284454 90
1774547147338 0.09998108446598053 91
1774547150448 0.0993279367685318 92
1774547151177 0.10070721805095673 93
1774547151797 0.09766963869333267 94
1774547152476 0.09722625464200974 95
1774547152825 0.09576211124658585 96
1774547153463 0.09537792950868607 97
1774547154060 0.09769546240568161 98
1774547154548 0.09251195192337036 99
1774547155302 0.0947028324007988 100
