1774542955197 0.7964818477630615 1
1774542955660 0.4722408056259155 2
1774542956247 0.3825351893901825 3
1774542956714 0.34924787282943726 4
1774542957300 0.33323773741722107 5
1774542957752 0.3186209797859192 6
1774542958314 0.3105333149433136 7
1774542958799 0.3010644018650055 8
1774542962554 0.29020199179649353 9
1774542963019 0.2780168354511261 10
1774542963592 0.26592886447906494 11
1774542964043 0.26253873109817505 12
1774542964714 0.25046420097351074 13
1774542965283 0.2452097237110138 14
1774542965901 0.23801833391189575 15
1774542966340 0.23437027633190155 16
1774542966941 0.2271857112646103 17
1774542967414 0.2199568748474121 18
1774542967975 0.21426378190517426 19
1774542968435 0.20802445709705353 20
1774542969042 0.20678658783435822 21
1774542969478 0.20358984172344208 22
1774542970032 0.19866618514060974 23
1774542970484 0.19536900520324707 24
1774542971078 0.19055446982383728 25
1774542971535 0.187639981508255 26
1774542972125 0.1841410994529724 27
1774542972619 0.18108311295509338 28
1774542973200 0.173537477850914 29
1774542973682 0.17540912330150604 30
1774542974242 0.16696679592132568 31
1774542974738 0.16575738787651062 32
1774542975318 0.1641085147857666 33
1774542975761 0.16182971000671387 34
1774542976308 0.16069723665714264 35
1774542976834 0.1566171646118164 36
1774542977406 0.15536898374557495 37
1774542977849 0.15321561694145203 38
1774542978376 0.15281352400779724 39
1774542978827 0.14792993664741516 40
1774542979383 0.14909473061561584 41
1774542979824 0.14482738077640533 42
1774542980343 0.14773006737232208 43
1774542980782 0.14335089921951294 44
1774542981289 0.1408613622188568 45
1774542981783 0.13552232086658478 46
1774542982321 0.1343783736228943 47
1774542982776 0.13641439378261566 48
1774542983297 0.13792209327220917 49
1774542983714 0.13309139013290405 50
1774542984059 0.13161282241344452 51
1774542984645 0.12655337154865265 52
1774542985069 0.12416572868824005 53
1774542985586 0.1248665526509285 54
1774542986025 0.12046624720096588 55
1774542986556 0.12396460026502609 56
1774542986951 0.12365705519914627 57
1774542987492 0.12285418808460236 58
1774542987980 0.12124504148960114 59
1774542988484 0.12038439512252808 60
1774542988904 0.1179986372590065 61
1774542989368 0.1180046871304512 62
1774542989827 0.11248622834682465 63
1774542990246 0.11532240360975266 64
1774542990791 0.11560959368944168 65
1774542991219 0.11235356330871582 66
1774542991815 0.11280742287635803 67
1774542992256 0.10895441472530365 68
1774542992815 0.10899291187524796 69
1774542993266 0.11205987632274628 70
1774542993810 0.10551895946264267 71
1774542994266 0.10545158386230469 72
1774542997536 0.10632637143135071 73
1774542997931 0.10681014508008957 74
1774542998388 0.10712012648582458 75
1774542998849 0.10422761738300323 76
1774542999303 0.10352511703968048 77
1774542999834 0.1019611731171608 78
1774543000276 0.10399460047483444 79
1774543000821 0.10204242914915085 80
1774543001275 0.10305352509021759 81
1774543001808 0.09998712688684464 82
1774543002255 0.10150934010744095 83
1774543002803 0.09485189616680145 84
1774543003296 0.10173719376325607 85
1774543003914 0.09875122457742691 86
1774543004433 0.09901892393827438 87
1774543004988 0.09734457731246948 88
1774543005502 0.09797804802656174 89
1774543006091 0.09674648195505142 90
1774543006577 0.0972900465130806 91
1774543007139 0.09474243223667145 92
1774543007664 0.09361037611961365 93
1774543008252 0.0904899537563324 94
1774543008802 0.09068276733160019 95
1774543009324 0.09377417713403702 96
1774543009842 0.09286855161190033 97
1774543010329 0.09165767580270767 98
1774543010854 0.09113869071006775 99
1774543011356 0.08962178230285645 100
