1774542603344 0.851561427116394 1
1774542603844 0.5184829831123352 2
1774542604349 0.4135717451572418 3
1774542604859 0.3551555275917053 4
1774542605394 0.33452969789505005 5
1774542605881 0.3247307240962982 6
1774542606442 0.31293535232543945 7
1774542606929 0.302342027425766 8
1774542607483 0.2974655032157898 9
1774542611082 0.2890279293060303 10
1774542611648 0.2760326862335205 11
1774542612191 0.27100592851638794 12
1774542612771 0.25795772671699524 13
1774542613338 0.25495803356170654 14
1774542613916 0.24685855209827423 15
1774542614506 0.23998910188674927 16
1774542615058 0.22594501078128815 17
1774542615626 0.22804974019527435 18
1774542616226 0.2203611135482788 19
1774542616902 0.2132151573896408 20
1774542617504 0.21467284858226776 21
1774542617968 0.20695360004901886 22
1774542618591 0.2026461362838745 23
1774542619042 0.19756899774074554 24
1774542619627 0.19320398569107056 25
1774542620115 0.1936679184436798 26
1774542620659 0.1849963366985321 27
1774542621187 0.1842552125453949 28
1774542621779 0.1790805160999298 29
1774542622288 0.17841701209545135 30
1774542622848 0.17431937158107758 31
1774542623328 0.17015793919563293 32
1774542623945 0.16664887964725494 33
1774542624415 0.1645933985710144 34
1774542624967 0.16249679028987885 35
1774542625445 0.1619253307580948 36
1774542625977 0.15803974866867065 37
1774542626533 0.1558253914117813 38
1774542627058 0.15390802919864655 39
1774542627549 0.15356631577014923 40
1774542628022 0.15117761492729187 41
1774542628553 0.14574392139911652 42
1774542629032 0.14729778468608856 43
1774542629559 0.14266423881053925 44
1774542630090 0.1395675092935562 45
1774542630567 0.1403655856847763 46
1774542631030 0.1407918483018875 47
1774542631490 0.13411137461662292 48
1774542632064 0.13220256567001343 49
1774542632590 0.13093487918376923 50
1774542633102 0.1306692361831665 51
1774542633608 0.13037745654582977 52
1774542634094 0.12880434095859528 53
1774542634626 0.12872494757175446 54
1774542635125 0.12580744922161102 55
1774542635574 0.12566718459129333 56
1774542636130 0.12359710037708282 57
1774542636659 0.12399663031101227 58
1774542637157 0.12077265232801437 59
1774542637679 0.12191613763570786 60
1774542638212 0.12124462425708771 61
1774542638700 0.11936967074871063 62
1774542639199 0.11581619083881378 63
1774542639727 0.11563704907894135 64
1774542640246 0.11846087127923965 65
1774542640739 0.1133173480629921 66
1774542641196 0.11055445671081543 67
1774542641743 0.11357016861438751 68
1774542642214 0.1136246994137764 69
1774542642765 0.10955939441919327 70
1774542643241 0.1104448139667511 71
1774542646408 0.10962645709514618 72
1774542647022 0.10585355758666992 73
1774542647567 0.10826990008354187 74
1774542648081 0.10787365585565567 75
1774542648645 0.10474605858325958 76
1774542649182 0.10362072288990021 77
1774542649833 0.10372649878263474 78
1774542650315 0.10197803378105164 79
1774542650930 0.10091880708932877 80
1774542651417 0.10149142146110535 81
1774542652050 0.09961336851119995 82
1774542652517 0.10272826999425888 83
1774542653100 0.09973452240228653 84
1774542653594 0.0983629897236824 85
1774542654210 0.09823339432477951 86
1774542654671 0.09857146441936493 87
1774542655210 0.09898402541875839 88
1774542655673 0.09464206546545029 89
1774542656245 0.09857773035764694 90
1774542656687 0.0953843891620636 91
1774542657258 0.09513965994119644 92
1774542657691 0.09549069404602051 93
1774542658301 0.09753052890300751 94
1774542658776 0.09556486457586288 95
1774542659346 0.0928991287946701 96
1774542659792 0.09417323023080826 97
1774542660371 0.09456693381071091 98
1774542660861 0.092783622443676 99
1774542661441 0.09371401369571686 100
