1772046232955 0.6754024624824524 1
1772046233270 0.4438149333000183 2
1772046235156 0.363783061504364 3
1772046235484 0.33880332112312317 4
1772046235811 0.324492484331131 5
1772046236139 0.3098932206630707 6
1772046236496 0.3059951961040497 7
1772046236864 0.2869802713394165 8
1772046237266 0.28089335560798645 9
1772046237606 0.2616555392742157 10
1772046237986 0.2560461461544037 11
1772046238334 0.24909824132919312 12
1772046238707 0.2358805239200592 13
1772046239072 0.23420824110507965 14
1772046239405 0.22885829210281372 15
1772046239736 0.21991389989852905 16
1772046240080 0.21722905337810516 17
1772046240470 0.20944546163082123 18
1772046240920 0.2069869190454483 19
1772046241339 0.20073863863945007 20
1772046241728 0.19531209766864777 21
1772046242098 0.19055010378360748 22
1772046242496 0.1839442402124405 23
1772046242852 0.1828182339668274 24
1772046243213 0.18146899342536926 25
1772046243640 0.17466597259044647 26
1772046243993 0.17105841636657715 27
1772046244356 0.16659140586853027 28
1772046244717 0.16337767243385315 29
1772046245080 0.16386626660823822 30
1772046245439 0.16281160712242126 31
1772046245798 0.1566162109375 32
1772046246207 0.1543823480606079 33
1772046246567 0.14997974038124084 34
1772046246934 0.14470264315605164 35
1772046247300 0.14817208051681519 36
1772046247652 0.144880473613739 37
1772046248033 0.14405588805675507 38
1772046248422 0.14364008605480194 39
1772046248809 0.14203445613384247 40
1772046249198 0.13789770007133484 41
1772046249553 0.1369108408689499 42
1772046249910 0.13700835406780243 43
1772046250285 0.13238292932510376 44
1772046250677 0.1308334618806839 45
1772046251023 0.13382269442081451 46
1772046251379 0.12840253114700317 47
1772046251775 0.12620693445205688 48
1772046252210 0.12324646860361099 49
1772046252563 0.12266708165407181 50
1772046252897 0.12309344857931137 51
1772046253227 0.1217518076300621 52
1772046253564 0.12109636515378952 53
1772046253888 0.11901569366455078 54
1772046254216 0.11644627898931503 55
1772046254541 0.12001840770244598 56
1772046254875 0.11713080108165741 57
1772046255224 0.11792564392089844 58
1772046255554 0.11575059592723846 59
1772046255888 0.11064857244491577 60
1772046256199 0.11318079382181168 61
1772046256513 0.10993887484073639 62
1772046256841 0.10807716846466064 63
1772046257157 0.10928650945425034 64
1772046257473 0.10641904920339584 65
1772046257869 0.10466375946998596 66
1772046258208 0.10450053215026855 67
1772046258528 0.10441674292087555 68
1772046258864 0.10656837373971939 69
1772046259190 0.1042172834277153 70
1772046259536 0.10542013496160507 71
1772046259889 0.10261256247758865 72
1772046260210 0.10179061442613602 73
1772046260523 0.09854412078857422 74
1772046260834 0.10304385423660278 75
1772046261163 0.0993536189198494 76
1772046261507 0.09914346784353256 77
1772046261885 0.09770648926496506 78
1772046262219 0.0942733883857727 79
1772046262556 0.09615639597177505 80
1772046262882 0.09504954516887665 81
1772046263202 0.09691465646028519 82
1772046263514 0.09126656502485275 83
1772046263874 0.09122706204652786 84
1772046264260 0.09086579829454422 85
1772046264620 0.09332522749900818 86
1772046264960 0.09076832979917526 87
1772046265285 0.09120425581932068 88
1772046265617 0.08976466208696365 89
1772046265953 0.09169343113899231 90
1772046266316 0.09061397612094879 91
1772046266629 0.08658947050571442 92
1772046266954 0.08986303210258484 93
1772046268889 0.08876897394657135 94
1772046269225 0.08520592004060745 95
1772046269556 0.08602267503738403 96
1772046269889 0.08743388950824738 97
1772046270208 0.08453667908906937 98
1772046270533 0.0877404510974884 99
1772046270860 0.08378630131483078 100
